1714195214973 0.690105 0
1714195375084 0.33358 1
1714195538191 0.182918 2
1714195707340 0.111228 3
1714195718192 0.134826 0
1714195896083 0.041176 2
1714196067983 0.004137 4
1714196231766 0.22323 6
1714196242601 0.026339 0
1714196406055 0.00815 3
1714196569621 0.020553 6
1714196731814 0.044146 9
1714196741351 0.011171 0
1714196902323 0.116909 4
1714197061991 0.076095 8
1714197224749 0.014386 12
1714197234776 0.005184 0
1714197758797 0.002042 5
1714197919862 0.000319 10
1714198080704 0.000756 15
