1714185592991 0.693896 0
1714185758040 0.379961 1
1714185925229 0.191332 2
1714186092917 0.184058 3
1714186104020 0.222831 0
1714186270201 0.067289 2
1714186436527 0.063558 4
1714186604217 0.034976 6
1714186615301 0.026959 0
1714186783469 0.050928 3
1714186950356 0.078241 6
1714187117552 0.021359 9
1714187129177 0.016963 0
1714187297332 0.002331 4
1714187465463 0.001156 8
1714189423903 0.002481 12
1714189438924 0.003122 0
1714189607978 0.000312 5
1714189775297 0.001022 10
1714189943871 0.000217 15
