1714153364360 0.390625 0
1714153527090 0.890625 1
1714153692122 0.890625 2
1714153877389 0.96875 3
1714153890631 0.90625 0
1714154074392 0.96875 2
1714154244092 0.96875 4
1714154411620 0.984375 6
1714154422284 0.953125 0
1714154593368 1.0 3
1714154763247 0.984375 6
1714154932287 0.96875 9
1714154943287 1.0 0
1714155112727 1.0 4
1714155284429 1.0 8
1714157259269 1.0 12
1714157270564 1.0 0
1714159240509 1.0 5
1714161213259 1.0 10
1714162783580 1.0 15
1714162795469 1.0 0
1714164767825 1.0 6
1714165442559 1.0 12
1714168316468 1.0 18
1714168328067 1.0 0
1714170086427 1.0 7
1714170252102 1.0 14
1714172773870 1.0 21
1714172786169 1.0 0
1714174759481 1.0 8
1714175835185 1.0 16
1714176426387 1.0 24
1714176437231 1.0 0
1714178408816 1.0 9
1714180056518 1.0 18
1714181124102 1.0 27
1714182038183 1.0 0
1714183107723 1.0 10
1714183862430 1.0 20
1714184040314 1.0 30
