1714153364353 0.694871 0
1714153527081 0.313977 1
1714153692114 0.252239 2
1714153877381 0.119673 3
1714153890622 0.269767 0
1714154074378 0.07411 2
1714154244077 0.149272 4
1714154411611 0.063428 6
1714154422275 0.114653 0
1714154593358 0.012251 3
1714154763239 0.050577 6
1714154932277 0.043066 9
1714154943281 0.00587 0
1714155112717 0.005428 4
1714155284422 0.009052 8
1714157259257 0.008612 12
1714157270557 0.007076 0
1714159240497 0.00226 5
1714161213248 0.007572 10
1714162783572 0.000416 15
1714162795462 0.000485 0
1714164767817 0.002315 6
1714165442548 0.003817 12
1714168316458 0.000828 18
1714168328061 0.000957 0
1714170086417 0.000111 7
1714170252094 7.8e-05 14
1714172773859 4.1e-05 21
1714172786160 3.9e-05 0
1714174759472 7.6e-05 8
1714175835177 2.3e-05 16
1714176426376 1.2e-05 24
1714176437225 4.7e-05 0
1714178408806 8e-06 9
1714180056509 9e-06 18
1714181124091 3.1e-05 27
1714182038176 1.1e-05 0
1714183107713 1.2e-05 10
1714183862422 1.4e-05 20
1714184040303 4e-06 30
