1714212301745 0.697486 0
1714212461068 0.485748 1
1714212623570 0.206483 2
1714212784152 0.259194 3
1714212794468 0.053773 0
1714212967326 0.064689 2
1714213123342 0.044293 4
1714213280109 0.075354 6
1714213291924 0.062137 0
1714213448266 0.088711 3
1714213605760 0.014083 6
1714213767096 0.007117 9
1714213781276 0.004624 0
1714213942076 0.005204 4
1714214113196 0.026376 8
1714214290894 0.00751 12
1714214313382 0.009797 0
1714214479915 0.001572 5
1714214641909 0.004383 10
1714214837384 0.004851 15
