1714146400285 0.53125 0
1714146596616 0.828125 1
1714146794810 0.890625 2
1714146986725 0.875 3
1714147001965 0.96875 0
1714147200085 0.984375 2
1714147403350 0.96875 4
1714147594646 0.984375 6
1714147609402 0.984375 0
1714147804904 1.0 3
1714148003544 1.0 6
1714148205985 1.0 9
1714148222810 1.0 0
1714148412170 0.984375 4
1714148600980 0.984375 8
1714148792722 1.0 12
1714148808690 1.0 0
1714149002068 1.0 5
1714149193714 1.0 10
1714149389322 1.0 15
1714149405051 1.0 0
1714149605987 1.0 6
1714149809963 1.0 12
1714149987075 1.0 18
1714150000909 1.0 0
1714150193902 1.0 7
1714150384644 1.0 14
1714150576211 1.0 21
1714150591287 1.0 0
1714150797665 1.0 8
1714150976983 1.0 16
1714151156344 1.0 24
1714151168338 1.0 0
1714151338368 1.0 9
1714151515855 1.0 18
1714151689622 1.0 27
1714151700229 1.0 0
1714151870992 1.0 10
1714152041661 1.0 20
1714152212804 1.0 30
