1714146400277 0.692337 0
1714146596601 0.351194 1
1714146794795 0.256927 2
1714146986711 0.90684 3
1714147001957 0.143471 0
1714147200064 0.073318 2
1714147403329 0.048534 4
1714147594636 0.049712 6
1714147609394 0.046554 0
1714147804879 0.016766 3
1714148003531 0.013388 6
1714148205965 0.004657 9
1714148222798 0.002945 0
1714148412159 0.034875 4
1714148600956 0.035361 8
1714148792702 0.001822 12
1714148808682 0.016051 0
1714149002057 0.000427 5
1714149193702 0.006648 10
1714149389306 0.004157 15
1714149405040 0.000512 0
1714149605975 0.007245 6
1714149809945 0.000297 12
1714149987064 0.003036 18
1714150000899 0.000814 0
1714150193885 0.000117 7
1714150384633 0.001428 14
1714150576199 0.000457 21
1714150591278 0.000254 0
1714150797645 0.000151 8
1714150976965 5.8e-05 16
1714151156325 0.000397 24
1714151168330 0.000149 0
1714151338358 0.000307 9
1714151515844 5.4e-05 18
1714151689614 4.7e-05 27
1714151700223 0.0001 0
1714151870985 2.2e-05 10
1714152041654 6.3e-05 20
1714152212795 2.1e-05 30
